{
  "camera_angle_x": 0.6940231344824321,
  "camera_angle_y": 0.6940231344824321,
  "fl_x": 1106.0553743477535,
  "fl_y": 1106.0553743477535,
  "k1": -0.025352684577367182,
  "k2": 0,
  "k3": 0,
  "k4": 0,
  "p1": 0,
  "p2": 0,
  "is_fisheye": false,
  "cx": 400.0,
  "cy": 400.0,
  "w": 800.0,
  "h": 800.0,
  "aabb_scale": 32,
  "frames": [
    {
      "file_path": [
        "r_99.png"
      ],
      "sharpness": 921.08116875,
      "transform_matrix": [
        [
          0.11578954740193194,
          0.8593637782819051,
          -0.4980830024729252,
          -2.0528774061555626
        ],
        [
          -0.9907361308420491,
          0.13574529273092284,
          0.003890314358135735,
          0.03961887735287891
        ],
        [
          0.07095561822049608,
          0.49301836896943746,
          0.8671206306880759,
          3.4770592452886193
        ],
        [
          0.0,
          0.0,
          0.0,
          1.0
        ]
      ]
    },
    {
      "file_path": [
        "r_98.png"
      ],
      "sharpness": 429.46556875,
      "transform_matrix": [
        [
          -0.8784335884007262,
          0.262932997974543,
          -0.3990246476202724,
          -1.6568828217772844
        ],
        [
          -0.46132621679426866,
          -0.24883173766740901,
          0.8516225032418931,
          3.4552019682832316
        ],
        [
          0.12462966148049785,
          0.932174342579912,
          0.33988004145314127,
          1.359250987973803
        ],
        [
          0.0,
          0.0,
          0.0,
          1.0
        ]
      ]
    },
    {
      "file_path": [
        "r_97.png"
      ],
      "sharpness": 701.499446875,
      "transform_matrix": [
        [
          -0.4676582882996475,
          -0.34795746936864913,
          0.8125400451412529,
          3.224759298603738
        ],
        [
          0.8833622717352331,
          -0.15164599498293854,
          0.4434800887082598,
          1.8091586037895642
        ],
        [
          -0.031093765773383047,
          0.9251643593321066,
          0.3782910070499507,
          1.510582721853573
        ],
        [
          0.0,
          0.0,
          0.0,
          1.0
        ]
      ]
    },
    {
      "file_path": [
        "r_96.png"
      ],
      "sharpness": 631.1189,
      "transform_matrix": [
        [
          -0.03217932046747411,
          -0.40628512990341553,
          0.9131795467576769,
          3.627562436377269
        ],
        [
          0.9961143690090984,
          0.06190301841392807,
          0.06264327709446488,
          0.27511837739141665
        ],
        [
          -0.08197960227006328,
          0.9116470860992937,
          0.4027144587440746,
          1.6075476501320445
        ],
        [
          0.0,
          0.0,
          0.0,
          1.0
        ]
      ]
    },
    {
      "file_path": [
        "r_95.png"
      ],
      "sharpness": 712.98271875,
      "transform_matrix": [
        [
          0.10073093289291653,
          0.2170000746641739,
          -0.9709604764444357,
          -3.95283210241601
        ],
        [
          -0.992423985830056,
          0.09091421190759379,
          -0.08263920632901345,
          -0.30802462574054623
        ],
        [
          0.07034139256578369,
          0.9719287904634889,
          0.22451395240231548,
          0.8918026436229958
        ],
        [
          0.0,
          0.0,
          0.0,
          1.0
        ]
      ]
    },
    {
      "file_path": [
        "r_94.png"
      ],
      "sharpness": 669.630428125,
      "transform_matrix": [
        [
          -0.07521209896074799,
          -0.4640738448635081,
          0.8825976471453226,
          3.504488527053199
        ],
        [
          0.994150404761739,
          0.03390392027621622,
          0.10254509691963654,
          0.435708754776537
        ],
        [
          -0.07751201766418783,
          0.8851474401287404,
          0.4588092157034211,
          1.8333942697747851
        ],
        [
          0.0,
          0.0,
          0.0,
          1.0
        ]
      ]
    },
    {
      "file_path": [
        "r_93.png"
      ],
      "sharpness": 754.57716875,
      "transform_matrix": [
        [
          -0.8744000497118849,
          -0.35549090440824915,
          0.33022836039595066,
          1.2817192627876504
        ],
        [
          0.4833635762131621,
          -0.697455489776305,
          0.5290704045508502,
          2.1545348647752576
        ],
        [
          0.04223986622856402,
          0.6222395492883463,
          0.7816864697982511,
          3.136846747989658
        ],
        [
          0.0,
          0.0,
          0.0,
          1.0
        ]
      ]
    },
    {
      "file_path": [
        "r_92.png"
      ],
      "sharpness": 762.33545625,
      "transform_matrix": [
        [
          -0.9953143687973598,
          0.07336392928678472,
          0.06298445211365467,
          0.2048629688127651
        ],
        [
          -0.006484947214091122,
          -0.7005760250809455,
          0.7135483014776898,
          2.8968247580366744
        ],
        [
          0.09647410423599974,
          0.7097964264444295,
          0.6977691454068475,
          2.7985917906416433
        ],
        [
          0.0,
          0.0,
          0.0,
          1.0
        ]
      ]
    },
    {
      "file_path": [
        "r_91.png"
      ],
      "sharpness": 492.1771875,
      "transform_matrix": [
        [
          -0.7239191788467443,
          0.6818090615987218,
          -0.10524935193465941,
          -0.4737906995495897
        ],
        [
          -0.6781214799756675,
          -0.675193179689706,
          0.2902850814223804,
          1.1919630797051095
        ],
        [
          0.12685535436765813,
          0.2815147840751612,
          0.9511346621160407,
          3.816656196373194
        ],
        [
          0.0,
          0.0,
          0.0,
          1.0
        ]
      ]
    },
    {
      "file_path": [
        "r_90.png"
      ],
      "sharpness": 692.396921875,
      "transform_matrix": [
        [
          -0.6094480743839228,
          -0.3244599773871735,
          0.7233939229538656,
          2.8660535658788273
        ],
        [
          0.7927704039709936,
          -0.23859203326982198,
          0.5608822766393348,
          2.2816670920716637
        ],
        [
          -0.009387823862669165,
          0.9153139159842111,
          0.40263172258528696,
          1.6089210276713048
        ],
        [
          0.0,
          0.0,
          0.0,
          1.0
        ]
      ]
    },
    {
      "file_path": [
        "r_9.png"
      ],
      "sharpness": 649.97530625,
      "transform_matrix": [
        [
          -0.3303082175329642,
          -0.341177949786889,
          0.8800534575083215,
          3.496877077375014
        ],
        [
          0.94258853019501,
          -0.0706043315924929,
          0.32640755368935853,
          1.3377342345548822
        ],
        [
          -0.049227473829651903,
          0.9373433922542326,
          0.34491161314299335,
          1.3762469575646974
        ],
        [
          0.0,
          0.0,
          0.0,
          1.0
        ]
      ]
    },
    {
      "file_path": [
        "r_89.png"
      ],
      "sharpness": 420.732528125,
      "transform_matrix": [
        [
          -0.8823324192459661,
          0.18954900912172512,
          -0.43076754189640604,
          -1.7852953816833754
        ],
        [
          -0.4538810419885059,
          -0.10073311313263021,
          0.8853501226307698,
          3.5928784101568856
        ],
        [
          0.12442468293874481,
          0.9766903363512891,
          0.1749127931765489,
          0.6945385563088696
        ],
        [
          0.0,
          0.0,
          0.0,
          1.0
        ]
      ]
    },
    {
      "file_path": [
        "r_88.png"
      ],
      "sharpness": 466.086096875,
      "transform_matrix": [
        [
          0.7988498750983211,
          -0.5922935184569481,
          0.10501078569473576,
          0.3731304248411169
        ],
        [
          0.588248588310057,
          0.805697349456944,
          0.06939293501188054,
          0.30270750665161833
        ],
        [
          -0.12570789733288096,
          0.006337908975311707,
          0.9920470530782248,
          3.980642356001727
        ],
        [
          0.0,
          0.0,
          0.0,
          1.0
        ]
      ]
    },
    {
      "file_path": [
        "r_87.png"
      ],
      "sharpness": 759.703146875,
      "transform_matrix": [
        [
          -0.856181813372522,
          -0.36547621760687954,
          0.36521204371823296,
          1.4225996011529782
        ],
        [
          0.5152699701232054,
          -0.6560712234972305,
          0.5514230749509504,
          2.2447976742046705
        ],
        [
          0.03807309262391662,
          0.6603012071022857,
          0.7500351695624269,
          3.009406611876762
        ],
        [
          0.0,
          0.0,
          0.0,
          1.0
        ]
      ]
    },
    {
      "file_path": [
        "r_86.png"
      ],
      "sharpness": 880.64378125,
      "transform_matrix": [
        [
          -0.3385516156699035,
          0.86763886223011,
          -0.36412306757232177,
          -1.514855315264024
        ],
        [
          -0.9345492095765625,
          -0.26499988746500625,
          0.23747175521236008,
          0.9800262191550441
        ],
        [
          0.10954715157416114,
          0.42068737139141926,
          0.9005673529486784,
          3.612050654063638
        ],
        [
          0.0,
          0.0,
          0.0,
          1.0
        ]
      ]
    },
    {
      "file_path": [
        "r_85.png"
      ],
      "sharpness": 579.192625,
      "transform_matrix": [
        [
          -0.41737308809546286,
          -0.055875562172457975,
          0.9070157809809644,
          3.6059409205726505
        ],
        [
          0.9079142265201109,
          0.01677771393357025,
          0.41882008738578375,
          1.7094971612716037
        ],
        [
          -0.038619459138331105,
          0.9982967644594827,
          0.04372765153554715,
          0.16373127067144305
        ],
        [
          0.0,
          0.0,
          0.0,
          1.0
        ]
      ]
    },
    {
      "file_path": [
        "r_84.png"
      ],
      "sharpness": 614.1262625,
      "transform_matrix": [
        [
          -0.6677743122084576,
          0.6152740389816649,
          -0.4189454916485556,
          -1.734131939234422
        ],
        [
          -0.73376813602898,
          -0.44948453623096735,
          0.5094585108113047,
          2.072203157197088
        ],
        [
          0.1251470756207502,
          0.6476121591604692,
          0.75162271176057,
          3.0104936219553053
        ],
        [
          0.0,
          0.0,
          0.0,
          1.0
        ]
      ]
    },
    {
      "file_path": [
        "r_83.png"
      ],
      "sharpness": 703.514684375,
      "transform_matrix": [
        [
          -0.4995355370267932,
          -0.32964885033806046,
          0.8011216404398825,
          3.1791548470817292
        ],
        [
          0.865895888589564,
          -0.161988371387381,
          0.47326956130648945,
          1.9292513729846827
        ],
        [
          -0.026240376966638966,
          0.9301028991826932,
          0.3663605322790941,
          1.4626620790284222
        ],
        [
          0.0,
          0.0,
          0.0,
          1.0
        ]
      ]
    },
    {
      "file_path": [
        "r_82.png"
      ],
      "sharpness": 581.199425,
      "transform_matrix": [
        [
          0.6152127711899593,
          -0.7123679098415697,
          0.33770579985493854,
          1.3106432127827083
        ],
        [
          0.7782495365008574,
          0.6171675890114056,
          -0.11589575492800752,
          -0.44422447409585525
        ],
        [
          -0.12586065759406515,
          0.3341199307691694,
          0.9340893783766189,
          3.7482209011517145
        ],
        [
          0.0,
          0.0,
          0.0,
          1.0
        ]
      ]
    },
    {
      "file_path": [
        "r_81.png"
      ],
      "sharpness": 440.7517,
      "transform_matrix": [
        [
          0.5058982773772245,
          -0.17869241030348162,
          0.8438814819094143,
          3.355439410204975
        ],
        [
          0.8539358470215348,
          0.2420053749072255,
          -0.460680982555076,
          -1.8358427999177995
        ],
        [
          -0.12190365925301012,
          0.9536783635351642,
          0.2750219570304181,
          1.0956091398003485
        ],
        [
          0.0,
          0.0,
          0.0,
          1.0
        ]
      ]
    },
    {
      "file_path": [
        "r_80.png"
      ],
      "sharpness": 899.708009375,
      "transform_matrix": [
        [
          0.16918227470252992,
          0.7819130787061835,
          -0.5999910793817146,
          -2.4633252299439277
        ],
        [
          -0.9834742444552693,
          0.17375151202097022,
          -0.05088047330604471,
          -0.1805779997683546
        ],
        [
          0.06446524971290972,
          0.5986838476866916,
          0.7983870503469691,
          3.2014176466673745
        ],
        [
          0.0,
          0.0,
          0.0,
          1.0
        ]
      ]
    },
    {
      "file_path": [
        "r_8.png"
      ],
      "sharpness": 714.61274375,
      "transform_matrix": [
        [
          -0.6679128126925172,
          -0.1557157435307425,
          0.7277671893681236,
          2.8851537684376116
        ],
        [
          0.7442394334604239,
          -0.1402382721418033,
          0.6530244196884769,
          2.65366950654467
        ],
        [
          0.00037463010295941425,
          0.9777964176174468,
          0.20955673553955897,
          0.8318403133289971
        ],
        [
          0.0,
          0.0,
          0.0,
          1.0
        ]
      ]
    },
    {
      "file_path": [
        "r_79.png"
      ],
      "sharpness": 483.054578125,
      "transform_matrix": [
        [
          0.8554876197185338,
          -0.3987515247461369,
          0.33036064245592045,
          1.2814964255259
        ],
        [
          0.5025307815260659,
          0.793216452544138,
          -0.3439047441260131,
          -1.362343171084351
        ],
        [
          -0.12491495578140968,
          0.4602226428011011,
          0.8789717702739502,
          3.525873120765061
        ],
        [
          0.0,
          0.0,
          0.0,
          1.0
        ]
      ]
    },
    {
      "file_path": [
        "r_78.png"
      ],
      "sharpness": 516.499353125,
      "transform_matrix": [
        [
          0.15706318648364498,
          -0.1465940902548156,
          0.9766480063036562,
          3.8908790212936557
        ],
        [
          0.9824971668902799,
          0.12348117013725927,
          -0.1394694148349035,
          -0.5403117001436758
        ],
        [
          -0.10015224664450272,
          0.9814594099533618,
          0.16342262441070138,
          0.6459663602545765
        ],
        [
          0.0,
          0.0,
          0.0,
          1.0
        ]
      ]
    },
    {
      "file_path": [
        "r_77.png"
      ],
      "sharpness": 796.9912125,
      "transform_matrix": [
        [
          0.7683019618366765,
          0.6120166827387479,
          -0.18747713340648342,
          -0.8033972266557501
        ],
        [
          -0.6398216867308675,
          0.7258619345035691,
          -0.25249289342056175,
          -0.9934106176105172
        ],
        [
          -0.018447348316746496,
          0.3139427210844408,
          0.9492626945589936,
          3.809684907603747
        ],
        [
          0.0,
          0.0,
          0.0,
          1.0
        ]
      ]
    },
    {
      "file_path": [
        "r_76.png"
      ],
      "sharpness": 428.942484375,
      "transform_matrix": [
        [
          -0.8703716061895961,
          0.27720813033528563,
          -0.4069507582962561,
          -1.6890317060339541
        ],
        [
          -0.47617899864669594,
          -0.26350554814078453,
          0.8389388460115182,
          3.4044004207874585
        ],
        [
          0.12532688633733222,
          0.9239699554819164,
          0.36134843709494363,
          1.4462885668745977
        ],
        [
          0.0,
          0.0,
          0.0,
          1.0
        ]
      ]
    },
    {
      "file_path": [
        "r_75.png"
      ],
      "sharpness": 287.417896875,
      "transform_matrix": [
        [
          0.7109979477670629,
          -0.024518840573759804,
          0.7027664937878608,
          2.7885288871505463
        ],
        [
          0.6914858657660085,
          0.20598965288421853,
          -0.6923984115744029,
          -2.7730461629337966
        ],
        [
          -0.12778581984710344,
          0.9782469470548159,
          0.16341265216365403,
          0.6459185592707689
        ],
        [
          0.0,
          0.0,
          0.0,
          1.0
        ]
      ]
    },
    {
      "file_path": [
        "r_74.png"
      ],
      "sharpness": 754.39591875,
      "transform_matrix": [
        [
          -0.9789123652151998,
          0.03250493302102633,
          0.20167798744786655,
          1.1427737036506973
        ],
        [
          0.18315059281321092,
          -0.2976200370185339,
          0.9369515323203967,
          3.2250050745889225
        ],
        [
          0.09047895689207995,
          0.9541308835542174,
          0.28539063662109365,
          1.1573167200764125
        ],
        [
          0.0,
          0.0,
          0.0,
          1.0
        ]
      ]
    },
    {
      "file_path": [
        "r_73.png"
      ],
      "sharpness": 915.429371875,
      "transform_matrix": [
        [
          -0.1301120962816497,
          0.6124974575963831,
          -0.7796907764634017,
          -3.187167770026736
        ],
        [
          -0.98710333034866,
          -0.006052249780686793,
          0.15996995182677323,
          0.6680534733161564
        ],
        [
          0.09326230545486035,
          0.7904493878634121,
          0.6053857511296619,
          2.425806169057226
        ],
        [
          0.0,
          0.0,
          0.0,
          1.0
        ]
      ]
    },
    {
      "file_path": [
        "r_72.png"
      ],
      "sharpness": 794.928875,
      "transform_matrix": [
        [
          0.23571454873377207,
          0.4244340048505833,
          -0.8742393420023314,
          -3.5671588462446433
        ],
        [
          -0.9701613479769157,
          0.15534307377527704,
          -0.18615984615901138,
          -0.7253811537372936
        ],
        [
          0.056794457554280184,
          0.892033802621153,
          0.44838608880693914,
          1.7935101139525798
        ],
        [
          0.0,
          0.0,
          0.0,
          1.0
        ]
      ]
    },
    {
      "file_path": [
        "r_71.png"
      ],
      "sharpness": 614.468875,
      "transform_matrix": [
        [
          -0.9619488225542857,
          0.24390592833687258,
          -0.1231436598915743,
          -0.5446819880906989
        ],
        [
          -0.2484391831410853,
          -0.5932136304784231,
          0.7657516313368734,
          3.105770886714668
        ],
        [
          0.1137208649620138,
          0.7672075904059951,
          0.6312369429611527,
          2.5301184138034123
        ],
        [
          0.0,
          0.0,
          0.0,
          1.0
        ]
      ]
    },
    {
      "file_path": [
        "r_70.png"
      ],
      "sharpness": 501.339346875,
      "transform_matrix": [
        [
          -0.6574182083343175,
          0.318247438970013,
          -0.6830225962605213,
          -2.797215948684619
        ],
        [
          -0.743437599947846,
          -0.12611265597775217,
          0.6568075311583345,
          2.6698416099643683
        ],
        [
          0.12288952098012268,
          0.939581910028668,
          0.31950586855859114,
          1.274741885779002
        ],
        [
          0.0,
          0.0,
          0.0,
          1.0
        ]
      ]
    },
    {
      "file_path": [
        "r_7.png"
      ],
      "sharpness": 545.73013125,
      "transform_matrix": [
        [
          -0.9866476848638949,
          0.13925401888100722,
          0.08446694170587944,
          0.29011515433982443
        ],
        [
          -0.12470296097318566,
          -0.9795025599611515,
          0.15818946410666498,
          0.660098220121771
        ],
        [
          0.10476410425448418,
          0.1455439907956286,
          0.9837893215858062,
          3.947156285293143
        ],
        [
          0.0,
          0.0,
          0.0,
          1.0
        ]
      ]
    },
    {
      "file_path": [
        "r_69.png"
      ],
      "sharpness": 627.7182,
      "transform_matrix": [
        [
          -0.7195249043311354,
          -0.014560818884213532,
          0.6943139741238337,
          2.7505197804991113
        ],
        [
          0.6943987884782639,
          -0.029059951465198162,
          0.7190033670164855,
          2.9200613306678056
        ],
        [
          0.009707452585380765,
          0.9994716113214198,
          0.03102037379031362,
          0.11219239212510568
        ],
        [
          0.0,
          0.0,
          0.0,
          1.0
        ]
      ]
    },
    {
      "file_path": [
        "r_68.png"
      ],
      "sharpness": 870.1819125,
      "transform_matrix": [
        [
          0.02293796684174456,
          0.5991611290552341,
          -0.8002998133008432,
          -3.2706568385708357
        ],
        [
          -0.9965722997364842,
          0.07734712299646135,
          0.029344061790910498,
          0.14213514532763752
        ],
        [
          0.07948270928713384,
          0.796883532303538,
          0.5988815700378802,
          2.4000021703932197
        ],
        [
          0.0,
          0.0,
          0.0,
          1.0
        ]
      ]
    },
    {
      "file_path": [
        "r_67.png"
      ],
      "sharpness": 387.37749375,
      "transform_matrix": [
        [
          0.8327487906166281,
          -0.1867122557285277,
          0.5212177907077311,
          2.0527339511189098
        ],
        [
          0.5391776965128252,
          0.48734219921073413,
          -0.6868660658759117,
          -2.7469343839501086
        ],
        [
          -0.1257651118481949,
          0.8530158934490649,
          0.5065047109636078,
          2.0284587676690804
        ],
        [
          0.0,
          0.0,
          0.0,
          1.0
        ]
      ]
    },
    {
      "file_path": [
        "r_66.png"
      ],
      "sharpness": 800.225221875,
      "transform_matrix": [
        [
          0.2147977303831768,
          -0.7246254970766973,
          0.654812816056257,
          2.5884528549208583
        ],
        [
          0.9711660618440515,
          0.22947694037051766,
          -0.06462827678953863,
          -0.23746838007079976
        ],
        [
          -0.10343314435016256,
          0.649813990987337,
          0.7530228162746273,
          3.018934790093173
        ],
        [
          0.0,
          0.0,
          0.0,
          1.0
        ]
      ]
    },
    {
      "file_path": [
        "r_65.png"
      ],
      "sharpness": 454.100065625,
      "transform_matrix": [
        [
          -0.7112080224198994,
          0.23098686220660955,
          -0.6639489576740519,
          -2.720471932942556
        ],
        [
          -0.6920090988869092,
          -0.06382150019944395,
          0.7190620440339648,
          2.920524276179
        ],
        [
          0.12371966674866144,
          0.9708614142415303,
          0.20523537331502859,
          0.8133177974402437
        ],
        [
          0.0,
          0.0,
          0.0,
          1.0
        ]
      ]
    },
    {
      "file_path": [
        "r_64.png"
      ],
      "sharpness": 290.27618125,
      "transform_matrix": [
        [
          0.705176223278288,
          -0.026321058639812146,
          0.7085433621578778,
          2.812533901907508
        ],
        [
          0.6975041292092468,
          0.20521997022636831,
          -0.6865659134829097,
          -2.749745524497245
        ],
        [
          -0.12733610601725062,
          0.9783618787304087,
          0.1630752906319408,
          0.6440524790710229
        ],
        [
          0.0,
          0.0,
          0.0,
          1.0
        ]
      ]
    },
    {
      "file_path": [
        "r_63.png"
      ],
      "sharpness": 722.2246625,
      "transform_matrix": [
        [
          -0.33611660792893183,
          0.39612067018229263,
          -0.8544671091338852,
          -3.486478539621005
        ],
        [
          -0.9356976516041593,
          -0.03716664183217091,
          0.3508397718584125,
          1.4367479371986709
        ],
        [
          0.10721721255260738,
          0.9174459414331823,
          0.38314150642217615,
          1.530097415510841
        ],
        [
          0.0,
          0.0,
          0.0,
          1.0
        ]
      ]
    },
    {
      "file_path": [
        "r_62.png"
      ],
      "sharpness": 599.227228125,
      "transform_matrix": [
        [
          -0.3033638986822197,
          -0.8751527867305317,
          0.37693228160645553,
          1.4687897630475029
        ],
        [
          0.9514391618510487,
          -0.2564939814209571,
          0.17021856182944137,
          0.7081892614119533
        ],
        [
          -0.05228638710297391,
          0.4102663006309091,
          0.910465648090893,
          3.6536210896767134
        ],
        [
          0.0,
          0.0,
          0.0,
          1.0
        ]
      ]
    },
    {
      "file_path": [
        "r_61.png"
      ],
      "sharpness": 489.4036875,
      "transform_matrix": [
        [
          0.8315852605784002,
          -0.3389791883399668,
          0.43995347972719934,
          1.7236107933626452
        ],
        [
          0.5409206600560718,
          0.6739973177053195,
          -0.5031227039707331,
          -2.004272611183486
        ],
        [
          -0.12597933942384568,
          0.6563693515324137,
          0.7438470813752472,
          2.9830664635265527
        ],
        [
          0.0,
          0.0,
          0.0,
          1.0
        ]
      ]
    },
    {
      "file_path": [
        "r_60.png"
      ],
      "sharpness": 478.0612625,
      "transform_matrix": [
        [
          0.22597170254810664,
          -0.11322842275491601,
          0.9675309369683657,
          3.8558865239120785
        ],
        [
          0.9684177742745667,
          0.13355106485956722,
          -0.21054958452643355,
          -0.8272461238841126
        ],
        [
          -0.10537458954906914,
          0.9845524046069254,
          0.13983117865236455,
          0.550693674386272
        ],
        [
          0.0,
          0.0,
          0.0,
          1.0
        ]
      ]
    },
    {
      "file_path": [
        "r_6.png"
      ],
      "sharpness": 1000.994878125,
      "transform_matrix": [
        [
          -0.14321313793967339,
          0.7371435489557114,
          -0.6603857852932558,
          -2.7059357390574337
        ],
        [
          -0.9851731577162942,
          -0.0424907995984945,
          0.1662178728809548,
          0.6930110790627877
        ],
        [
          0.0944661126547462,
          0.6743989325652512,
          0.7322992785589605,
          2.935557630499011
        ],
        [
          0.0,
          0.0,
          0.0,
          1.0
        ]
      ]
    },
    {
      "file_path": [
        "r_59.png"
      ],
      "sharpness": 850.912615625,
      "transform_matrix": [
        [
          -0.7734186086901192,
          -0.268430827226161,
          0.5742547751559922,
          2.643469053208852
        ],
        [
          0.6338471624109726,
          -0.3386896112405164,
          0.6953611449754648,
          2.2514714470291692
        ],
        [
          0.007837759183898785,
          0.9017950090176691,
          0.4320929660443697,
          1.75001845828528
        ],
        [
          0.0,
          0.0,
          0.0,
          1.0
        ]
      ]
    },
    {
      "file_path": [
        "r_58.png"
      ],
      "sharpness": 760.76695,
      "transform_matrix": [
        [
          -0.23048900476947642,
          -0.7094874641739307,
          0.6659597262022395,
          2.6330490426296502
        ],
        [
          0.9712184767660015,
          -0.12547829096906885,
          0.20245954875997582,
          0.8377541231795226
        ],
        [
          -0.06007902354942748,
          0.6934570907694063,
          0.7179887006452135,
          2.8770791883508355
        ],
        [
          0.0,
          0.0,
          0.0,
          1.0
        ]
      ]
    },
    {
      "file_path": [
        "r_57.png"
      ],
      "sharpness": 505.664253125,
      "transform_matrix": [
        [
          0.9225599394616876,
          -0.2914888345229066,
          0.25281894215399336,
          0.9693766190280007
        ],
        [
          0.36693737633874884,
          0.865408067011755,
          -0.34121230839009337,
          -1.351400148449292
        ],
        [
          -0.11933197393594513,
          0.40755752589467165,
          0.9053489620838965,
          3.632790501870985
        ],
        [
          0.0,
          0.0,
          0.0,
          1.0
        ]
      ]
    },
    {
      "file_path": [
        "r_56.png"
      ],
      "sharpness": 644.066871875,
      "transform_matrix": [
        [
          0.032620474932734726,
          -0.9592189763689448,
          0.28077546198308795,
          1.081134374072879
        ],
        [
          0.9955695559701877,
          0.05597219985074556,
          0.07555376939289575,
          0.32714532183696143
        ],
        [
          -0.0881882296091716,
          0.2770669021732726,
          0.9567950501239695,
          3.838904698443899
        ],
        [
          0.0,
          0.0,
          0.0,
          1.0
        ]
      ]
    },
    {
      "file_path": [
        "r_55.png"
      ],
      "sharpness": 553.272015625,
      "transform_matrix": [
        [
          -0.5854891259919766,
          0.2658124915586134,
          -0.7658630443750977,
          -3.1283843368907114
        ],
        [
          -0.801822897032506,
          -0.05060850105959376,
          0.5954148313698466,
          2.42124589717419
        ],
        [
          0.1195095191446097,
          0.9626954341923679,
          0.24276526910210158,
          0.965593584860789
        ],
        [
          0.0,
          0.0,
          0.0,
          1.0
        ]
      ]
    },
    {
      "file_path": [
        "r_54.png"
      ],
      "sharpness": 681.274790625,
      "transform_matrix": [
        [
          -0.2634143906771468,
          -0.39719733666601803,
          0.8791172473524504,
          3.4929232889129502
        ],
        [
          0.9629939253943762,
          -0.05436783695669438,
          0.26398264707829633,
          1.0864812579950864
        ],
        [
          -0.057057501175668705,
          0.9161213970393046,
          0.3968198930365825,
          1.5850845839902008
        ],
        [
          0.0,
          0.0,
          0.0,
          1.0
        ]
      ]
    },
    {
      "file_path": [
        "r_53.png"
      ],
      "sharpness": 618.9886875,
      "transform_matrix": [
        [
          -0.7030361339116705,
          -0.024485751150125638,
          0.7107324689839953,
          2.8166452108576623
        ],
        [
          0.7111248591281658,
          -0.033272535481239256,
          0.7022779884866672,
          2.85266967004797
        ],
        [
          0.0064520672276433605,
          0.9991463288409882,
          0.04080422104744997,
          0.15192116222228333
        ],
        [
          0.0,
          0.0,
          0.0,
          1.0
        ]
      ]
    },
    {
      "file_path": [
        "r_52.png"
      ],
      "sharpness": 703.92833125,
      "transform_matrix": [
        [
          -0.9212731319143983,
          -0.06946147661162386,
          0.38266293228180354,
          1.4936939749251086
        ],
        [
          0.38473342190646104,
          -0.3066882698115222,
          0.8705874449062788,
          3.5306376110168376
        ],
        [
          0.05688594317977917,
          0.9492720413477002,
          0.30926781443813484,
          1.2338838674562878
        ],
        [
          0.0,
          0.0,
          0.0,
          1.0
        ]
      ]
    },
    {
      "file_path": [
        "r_51.png"
      ],
      "sharpness": 441.947796875,
      "transform_matrix": [
        [
          0.4208644474340276,
          -0.14645493776361096,
          0.8952229153421217,
          3.563012631638829
        ],
        [
          0.899445182813013,
          0.19550596400999481,
          -0.3908654258837326,
          -1.5549045483831376
        ],
        [
          -0.11777724744605002,
          0.9697053002339159,
          0.214009697783783,
          0.8497822769383819
        ],
        [
          0.0,
          0.0,
          0.0,
          1.0
        ]
      ]
    },
    {
      "file_path": [
        "r_50.png"
      ],
      "sharpness": 622.925140625,
      "transform_matrix": [
        [
          0.974446362747965,
          -0.052969624523987915,
          0.21828537529570996,
          0.83067257418394
        ],
        [
          0.19589897992713215,
          0.6758784079141661,
          -0.7105012085698407,
          -2.8399251461869612
        ],
        [
          -0.1098993896840266,
          0.7351072007723555,
          0.6689839516632172,
          2.6811275950710303
        ],
        [
          0.0,
          0.0,
          0.0,
          1.0
        ]
      ]
    },
    {
      "file_path": [
        "r_5.png"
      ],
      "sharpness": 760.5336875,
      "transform_matrix": [
        [
          -0.43392355767781227,
          -0.5490362031343836,
          0.7143315713329141,
          2.8287626919815727
        ],
        [
          0.9002840928157038,
          -0.23376521110908036,
          0.36720890280386187,
          1.5016818230753102
        ],
        [
          -0.03462511117805549,
          0.8024419441826866,
          0.5957247921275739,
          2.3861838347718516
        ],
        [
          0.0,
          0.0,
          0.0,
          1.0
        ]
      ]
    },
    {
      "file_path": [
        "r_49.png"
      ],
      "sharpness": 800.60781875,
      "transform_matrix": [
        [
          0.18826512126938724,
          0.9386852497081923,
          -0.28883601949312104,
          -1.2118989579265822
        ],
        [
          -0.9800434584477435,
          0.1986655412400011,
          0.006842680606784531,
          0.0512097345130745
        ],
        [
          0.06380488749626138,
          0.28178361337407454,
          0.9573541307314983,
          3.8429733172508698
        ],
        [
          0.0,
          0.0,
          0.0,
          1.0
        ]
      ]
    },
    {
      "file_path": [
        "r_48.png"
      ],
      "sharpness": 453.489346875,
      "transform_matrix": [
        [
          -0.8287305893684812,
          0.5558516604846361,
          -0.06507335740825446,
          -0.3119807712586128
        ],
        [
          -0.5453717491955674,
          -0.7760173955136251,
          0.3168069712615247,
          1.2986506624332206
        ],
        [
          0.1255996236955459,
          0.2980367987653751,
          0.9462551459159669,
          3.7961449906767273
        ],
        [
          0.0,
          0.0,
          0.0,
          1.0
        ]
      ]
    },
    {
      "file_path": [
        "r_47.png"
      ],
      "sharpness": 612.979521875,
      "transform_matrix": [
        [
          0.9823202168749053,
          -0.13141038714427863,
          0.13333529814857628,
          0.4877310740173122
        ],
        [
          0.1540328654023585,
          0.9721368177908306,
          -0.1767028122915419,
          -0.6885165312872779
        ],
        [
          -0.1063995674686342,
          0.19411676292573607,
          0.9751911681598354,
          3.913301969731763
        ],
        [
          0.0,
          0.0,
          0.0,
          1.0
        ]
      ]
    },
    {
      "file_path": [
        "r_46.png"
      ],
      "sharpness": 427.841234375,
      "transform_matrix": [
        [
          -0.8347216076465327,
          0.4544320761746776,
          -0.31101660073780524,
          -1.3014257914733678
        ],
        [
          -0.5358826623700728,
          -0.540321426784842,
          0.6487545976165705,
          2.635104816865148
        ],
        [
          0.12676596525834308,
          0.7081978847352484,
          0.6945402408585579,
          2.7844755707713094
        ],
        [
          0.0,
          0.0,
          0.0,
          1.0
        ]
      ]
    },
    {
      "file_path": [
        "r_45.png"
      ],
      "sharpness": 691.076109375,
      "transform_matrix": [
        [
          0.021169279749926218,
          -0.5535710616866442,
          0.8325328469921959,
          3.302933365320622
        ],
        [
          0.9959970137773747,
          0.08400958488947491,
          0.030534213491324246,
          0.14595226422488924
        ],
        [
          -0.08684359586282613,
          0.8285538421684612,
          0.553133546757669,
          2.213127106659545
        ],
        [
          0.0,
          0.0,
          0.0,
          1.0
        ]
      ]
    },
    {
      "file_path": [
        "r_44.png"
      ],
      "sharpness": 754.25748125,
      "transform_matrix": [
        [
          -0.8839942025821872,
          -0.3395427138316725,
          0.32134871300169526,
          1.2458782413545313
        ],
        [
          0.46527583489722607,
          -0.705930610874644,
          0.5340228179498748,
          2.174933179466719
        ],
        [
          0.04552633641832965,
          0.6215888658493048,
          0.7820195870997886,
          3.1383234869069647
        ],
        [
          0.0,
          0.0,
          0.0,
          1.0
        ]
      ]
    },
    {
      "file_path": [
        "r_43.png"
      ],
      "sharpness": 975.766375,
      "transform_matrix": [
        [
          -0.07290298689529073,
          0.8462810723815368,
          -0.5277248346377511,
          -2.1725737266431633
        ],
        [
          -0.993414521361054,
          -0.014722915188818894,
          0.11362580920554552,
          0.4816027887860074
        ],
        [
          0.08838972368128387,
          0.5325331748914814,
          0.8417812509498942,
          3.3767502847946718
        ],
        [
          0.0,
          0.0,
          0.0,
          1.0
        ]
      ]
    },
    {
      "file_path": [
        "r_42.png"
      ],
      "sharpness": 267.858803125,
      "transform_matrix": [
        [
          0.8944387697828968,
          0.023038023668895957,
